100
7689478
18101469
15139868
31524668
18058839
2777926
19500957
17938815
15903474
14085098
8702454
22026769
23885676
14283796
30368073
29969104
14380088
23222414
24178299
28238134
20700917
25936757
31915951
23351938
22876003
7114028
5703490
16978408
21540893
32656065
27659548
26821491
9889757
25377137
10527713
27180613
28725010
193994
20512242
20052036
7527598
21489177
22783877
31643770
32361794
7505673
15248238
32986164
1449596
5185362
30048311
15913709
16172635
17894507
20562493
4758174
11554907
9275579
20504088
10127461
16182583
23522294
8390230
428052
23000839
3108168
25971288
12140658
3895007
31307685
4501970
30259104
13303818
16613422
15163052
940345
14405233
13311788
33067630
26063606
23091144
25131330
29906743
11523416
20526972
846505
25380656
14604044
27411340
18152067
24989602
5509102
18568206
13266629
7601267
21118091
20612684
14180067
9501038
10208154
