7645027
18119612
15147548
31533467
18048644
2792290
19512265
17933997
15922652
14114036
8694269
22044386
23850505
14232438
30403956
29975153
14396546
23214091
24131388
28257453
20708060
25957256
31911042
23342949
22873959
7142438
5701070
16967172
21499249
32656332
27660746
26823401
9916366
25369034
10557202
27185911
28743916
203396
20460678
20045594
7524146
21488070
22798294
31617941
32355339
7512719
15236964
32967342
1444798
5189525
30022846
15922652
16157925
17890050
20624591
4792607
11578256
9300807
20460678
10116701
16204363
23520578
8392423
441217
22974336
3098742
25962429
12149606
3910591
31305240
4458117
30290351
13304454
16517968
15150609
947868
14408522
13304454
33051636
26107140
23089010
25110451
29914069
11518646
20460678
848687
25369034
14621708
27431040
18131480
25016426
5509322
18569124
13261106
7580373
21131091
20624591
14189137
9512485
10264059
Run Time: 0.001677