Number of bytes: 1024
Number of segs: 1
875638841
171389232
873083445
959461386
875770166
906638896
875966730
825440304
909707825
876033332
822751540
959788598
170997042
808989450
825701688
825494065
926429749
873083440
858994998
171061303
909457674
842150195
875760178
858863922
906637878
959918642
171063601
892416522
858862389
842533427
943011894
873083952
942684468
171193393
842086154
892482359
892471861
909324343
839529783
858928694
171259701
858796042
909391666
859179575
808858423
940193589
926363698
171455544
909653770
943011120
808716856
892743732
889862450
842019637
171521079
943077386
825242933
875967242
825243958
892350730
825307444
926430730
825308727
892942346
825308979
959789066
825372722
925906698
825438258
875836426
825439542
892350986
825440056
859322378
825440306
859060490
825440565
859123978
825504820
926496778
825505332
892417034
825570611
909521930
825570866
925970698
825571122
875574282
825571125
858796298
825571635
926234634
825635122
842020106
825635632
909521930
825636407
909128714
825636917
942749450
825637169
808532234
825700403
892874762
825700408
825242122
825701941
959460106
825702200
842610442
825702712
875639050
825766711
959984650
825767218
926299146
825767988
825766666
825831480
926035978
825831988
858928906
825832244
858994698
825832503
875902730
825832759
842347530
825833266
942682378
825833270
825635338
825833778
808859658
842019636
942944778
842020148
808465418
842020151
808727306
842084406
825636362
842085171
858861578
842085684
875836426
842086709
892481546
842150711
842545418
842216760
825833738
842217522
909521162
842281520
943010314
842282034
959854346
842282806
909261066
842282809
943076106
842347824
825569546
842412088
808530186
842412345
808924170
842412857
808793866
842413109
926497034
842413361
875901962
842413873
825374474
842413878
959919626
842477873
808990730
842479922
842608650
842543668
942749194
842543929
858796554
842544181
892483594
842545456
909390346
842609462
876097546
842609464
909390858
842609714
808924170
842610225
942683914
842610231
909652234
842610486
909654026
842610745
959461130
858796089
825440010
858797369
926103818
858797622
925972746
858798129
858993162
858798392
926167562
858863921
892810250
858927159
892482058
858927665
943143178
858928432
825571594
858928696
942878730
858992689
825571594
858992690
892352266
858992694
875966730
858992696
892418058
858994480
959787018
859058487
842543370
859058999
943141642
859059510
925904906
859123760
909718026
859123763
909129226
859124276
858994698
859124786
960050442
859125041
842215434
859189301
825372682
859189558
859256074
859190326
825308938
859190577
943273994
859191088
825242122
859191346
875836170
859255091
959853834
859255861
942682378
859256882
858929162
859321650
959657738
859386160
892940554
859387187
808792842
859387699
909652490
875574581
892811274
875575608
892678410
875638834
942814986
875640113
909456906
875640368
959853066
875705137
892940298
875705904
892876298
875705909
909520906
875706167
959788554
875706421
942813962
875770164
808596234
875771700
942944522
875771700
943206410
875771955
942748938
875836728
825308938
875902773
858862858
875903026
943075338
875967793
943011082
876034354
909129482
876098099
892744202
876098357
809055498
876163894
942683914
876165433
842544394
892350515
909390346
892351285
842217738
892351800
942813450
892352824
842477834
892416049
858992906
892416304
926037258
892417587
875837706
892418105
892482826
892482353
892547850
892482616
808793354
892482871
892680458
892483635
842085130
892483635
909259274
892483637
808596490
892547636
959853578
892547641
925904906
892613431
943010826
892614710
858796554
892614713
892549386
892678201
858927626
892678455
875836426
892678457
876098826
892678713
825831946
892679220
926035978
892679987
909521674
892679988
926233610
892744496
959721482
892744497
959459594
892744753
926299402
892809265
808923146
892809777
909456394
892810038
808727306
892810288
925971466
892810550
959591434
892875321
858798090
892876083
825833738
892876594
808728842
892876597
892809738
892876599
808858122
892940344
825374218
892941360
842280970
892941618
808531210
909127734
909392138
909129529
825701898
909258801
959788298
909258805
959460874
909260339
825569290
909324850
892548362
909325369
808530186
909326387
858993674
909326393
942946058
909326647
859190282
909390130
892547850
909390899
808858122
909390903
926103306
909455664
876033802
909455927
808727818
909456434
825571082
909456437
842610186
909457460
926495754
909457463
825833738
909521717
858862090
909522228
959656202
909522738
960050698
909586740
926429194
909588272
808923658
909652535
942747658
909653045
926036234
909653305
808662026
909653552
875771402
909717809
842608650
909719095
842346506
909719351
959853834
925904952
892744458
925905205
825373962
925905457
943075850
925905465
892942090
925905975
959788810
925971506
875771914
925972017
876099850
925972787
859190794
926036535
943141642
926036785
909195274
926037555
842348042
926101810
909588234
926102068
808466442
926102328
825570570
926103097
808924170
926168887
842414090
926232882
925972746
926233140
825505290
926233648
909325834
926234160
959919626
926234672
859255562
926298674
842414090
926299189
808597258
926364979
825767178
926365750
926234122
926429491
858863626
926430770
808465418
926431543
825833226
926495025
808532234
926495283
892809226
926495542
926299146
926496049
926232842
926496561
926036490
942682167
892613642
942682929
959920138
942683440
892614410
942747952
943271946
942748213
875836938
942750007
959919370
942879282
842413066
942879544
959460106
942880309
825242634
942880313
859189258
942881074
875705098
942944819
909718282
943011124
842282250
943011129
875968778
943075382
892418314
943075385
959852554
943077427
959591434
943077684
842414346
943141425
825307658
943206961
858797578
943207472
875836426
943208244
943143178
943208498
959722506
943272247
909651978
959459889
909128458
959460921
959985930
959525686
943142922
959526456
926103562
959590455
892941322
959590966
926038282
959591473
960051466
959655984
942683914
959656761
859385866
959657011
959657482
959721528
943142410
959722034
925905162
959723056
942880010
959723315
842019594
959787314
876098826
959787572
825767946
959787831
808924170
959788594
942879242
959789107
842414090
959789110
875769866
959852592
858927626
959853108
825636106
959853619
926037770
959854132
842151178
959854132
909258762
959854393
825832970
959918903
926496778
959984176
959854346
959984697
808661514
959984952
858993162
960049462
859190794
960050224
825374986
825241654
959657271
170995760
959918897
906637616
825308727
808520241
808531000
909523210
825242166
875574585
170995763
825766453
906637616
859059505
809044529
808662832
909654026
825242672
858862898
170995764
875967537
906637616
875967032
876022321
808728371
909128202
825242933
926036018
170995767
876163637
839528752
926366009
808651313
808989235
959721482
825243704
842477622
170995768
943272754
822751537
808726582
808913457
825242931
909259530
825307190
909653045
170996017
926495027
822751537
825833524
892471857
825374000
926102794
825307703
858863671
170996018
959722548
839528753
842609718
892406321
825440313
825307146
825308209
892874808
170996020
842413108
839528753
876097841
909183537
825505842
960049930
825308465
859256627
170996021
825767476
906637617
892547380
959777329
825571128
842348042
825308472
892942384
170996022
825307445
873083185
909456692
842140209
825636405
858928906
825308980
892678961
170996023
942945584
856305969
943077683
808782385
825831732
909129738
825309492
959656752
170996025
909129264
839528753
959918133
943065649
825833784
892745482
825372722
926233140
170996272
859254836
839528754
808663091
892734001
842020665
858798346
825372977
959918898
170996273
876164656
906637618
825831989
925895217
842150454
959461130
825373236
909522228
170996274
876165175
839528754
858927670
842598961
842282034
842412810
825373751
825767223
170996276
926430265
805974322
892351289
909380145
842347316
892481546
825374004
909391415
170996277
876097588
839528754
892875576
875825713
842412337
825636618
825374512
892745778
170996279
875641140
940192050
926233905
859114033
842479411
909195530
825374772
808464691
170996280
892482102
873083186
943140920
959777329
842608689
859386890
825375027
892481842
170996281
892613681
856305970
959788341
808520241
842610992
875901962
825375033
859320375
170996528
808726838
805974323
808597811
842140209
858862392
825636362
825438519
875706678
170996530
842281016
856305971
842412337
808847921
858992692
875901962
825439031
892746038
170996531
942684473
873083187
892483634
926157361
859189554
876034314
825439794
858796337
170996535
808529971
906637619
926037559
942672433
859255600
875574794
825440053
926298931
170996535
892874800
856305971
926364465
942803505
859256628
842216202
825440055
909261104
170996536
808597300
873083187
942946359
959515185
859321649
808858378
825440311
959460406
170996537
842346803
822751539
959853874
909314609
875574329
825832714
825504049
875574070
170996785
842281010
805974324
825768241
859245105
875640889
942748938
825504305
808595760
170996786
858928179
940192052
859387445
875956785
875835448
892482058
825504822
858796599
170996789
825833008
956969268
892678455
943262257
875902772
808858378
825505079
926234931
170996790
842086192
940192052
909390640
825231921
875968824
825636362
825505588
909521712
170996791
909522232
940192052
926365236
909249073
876098869
959983626
825505848
842281779
170996793
859058738
805974324
959918641
942869041
876165168
943011082
825506104
959985977
170997040
825570872
906637621
808859704
875694641
892416309
808663050
825569588
926233656
170997041
892352048
956969269
825833015
943000113
892482358
959853578
825569847
858929462
170997043
859322676
940192053
859058992
859376177
892549169
858796810
825570104
942813746
170997044
858863156
889860405
875770419
858851889
892679731
876163594
825570616
859257141
170997046
825241654
873083189
909195321
909707825
892743993
859256586
825571125
909588529
170997047
909456439
956969269
942747958
909314609
892875826
842545162
825571380
892745785
170997049
842151477
839528757
959657529
858917425
892941619
892745738
825634869
825570105
170997296
909522739
805974326
808925238
842271281
909130033
959656714
825635123
875574071
170997297
876165169
889860406
825571129
842336817
909258804
859190026
825635377
808530480
170997298
909588784
839528758
842479417
959842865
909324856
909455370
825635634
959591481
170997299
859256880
805974326
859190069
943196721
909390642
892811274
825636145
926496312
170997303
875771704
889860406
926496051
925895217
909652019
959919370
825636917
876033076
170997304
909259064
839528758
943075891
808651313
909653815
909457162
825636920
892811315
170997305
842151473
839528758
959723830
942869041
909719095
825700874
825637177
842347573
170997552
875903024
923414839
808792113
875956785
925906738
825635594
825700408
943207734
170997554
859255863
839528759
842347576
808585777
926037303
859058698
825701169
842217269
170997555
825438773
873083191
859189560
808454705
926103603
825635338
825701177
959591477
170997556
808858676
923414839
876033845
943065649
926169393
959525642
825701681
808465720
170997557
859320886
822751543
892940339
842336817
926298932
959721482
825702198
876034353
170997560
892746039
822751543
943271984
892340785
926494773
959787530
825702705
825440561
170997561
858995001
923414839
960049975
859245105
926497076
808792330
825765940
943076404
170997808
926036023
956969272
825309494
825362993
942748465
876097546
825766200
842348597
170997810
925907250
805974328
842478387
825690673
942815544
959984906
825766704
942944309
170997811
842019639
906637624
858927416
892930609
942879287
925905418
825766708
959592500
170997811
959721784
822751544
875835445
842009137
942945846
808858122
825766966
943273782
170997812
926167605
923414840
892746033
842271281
943075633
909521674
825767728
808924981
170997815
825569586
856305976
926365752
942672433
943207733
959723274
825767990
842414136
170997817
808596024
839528760
959525177
909576753
943272496
926103818
825768245
825308976
170997817
892417587
873083192
959788598
875956785
943273784
876164874
825831472
842609462
170998064
842544688
906637625
825243192
825690673
959525170
808858890
825831729
959658289
170998065
859385908
839528761
825637177
943065649
959526960
892613130
825831984
909128498
170998066
842282545
805974329
842281017
825494065
959592500
858797066
825832243
825372984
170998067
876033589
956969273
859322425
892340785
959658290
892351498
825832499
959591730
170998068
875901240
906637625
892416562
909445681
959787317
892810762
825832754
909326137
170998069
858927159
940192057
892810295
859376177
959853365
909129994
825833014
808530998
170998070
909260601
873083193
925905974
859245105
959918905
943141130
825833268
842215729
170998071
926430519
822751545
926495280
825494065
959983920
825505034
825833522
942749240
170998072
909259320
889860409
943077686
959449649
960050741
875638794
825833785
825833270
171061296
808858931
873083440
808727861
959711794
808465973
859189514
842019120
825833527
171061297
875705145
889860656
825569587
859114034
808531252
858994954
842019127
825831985
171061298
842283318
856306224
842412087
876022322
808597559
892548874
842019632
909261113
171061299
892679992
889860656
875771442
808847922
808727863
859059978
842019894
808859448
171061302
842282297
822751792
909523248
825756210
808859953
842610954
842020656
942683696
171061303
892811572
889860656
942683959
876022322
808989236
942683914
842020918
858992949
171061305
842412341
856306224
959918136
892734002
825243184
842478602
842084408
959985969
171061553
808466225
873083441
825438512
959515186
825308465
909391882
842084661
875705399
171061553
926167093
822751793
842151478
960039474
825373748
825308170
842085168
926102840
171061555
858994999
856306225
859255090
942934578
825505848
808923146
842085433
909195574
171061556
960049716
956969521
892940856
959711794
825635125
909456906
842085939
943207731
171061559
859321656
873083441
926167608
909249074
825702711
909456906
842086451
808597042
171061560
875638841
940192305
943077169
858851890
825767733
875574026
842086704
943010612
171061808
875836216
906637874
825439541
842336818
842085433
909521930
842150198
909587768
171061809
926495792
856306226
825832248
825559602
842150448
808597770
842150455
825504050
171061810
926429495
889860658
858862643
959449650
842215734
926363658
842150707
876033848
171061811
926299445
906637874
859320368
876087858
842281525
942945034
842150963
875902515
171061812
875837495
856306226
875967797
809044530
842346544
859125770
842151216
892811319
171061813
808858162
889860658
909195568
909249074
842413112
926429450
842151478
825637175
171061815
808989745
822751794
926496818
959711794
842544435
842215690
842151991
859387193
171061817
825766705
805974578
959788085
943262258
842610484
858994186
842215475
842348848
171062064
943271985
805974579
825439287
892406322
858863415
909522698
842215737
825831480
171062066
825503801
822751795
842610487
892471858
858992950
959919626
842216244
842609721
171062067
909653812
839529011
859320374
875563570
859058228
892941578
842216499
909390128
171062068
959852599
856306227
892481589
926419506
859189553
959787530
842217012
892416049
171062070
942683190
923415091
909654326
825821746
859191605
825308426
842217017
892744504
171062071
808858422
923415091
926299704
892406322
859256375
959918858
842217271
858994483
171062071
926364984
889860659
926366001
959973938
859257137
909654282
842217273
892351288
171062072
892351792
889860659
959721522
942869042
859387953
859190026
842217784
859190323
171062073
959590713
940192308
808465976
909118002
875573558
926101770
842281012
892613942
171062320
892416307
923415092
825438515
943196722
875705144
892350730
842281527
926430517
171062322
942683960
956969524
858796851
926485042
875770934
959525386
842282035
875770937
171062324
959919417
956969524
892352054
858786354
875901491
825832714
842282291
875575607
171062325
859255353
906637876
892809265
943065650
875966517
892483850
842282545
942814009
171062326
842412085
956969524
925904948
892602930
876033589
859387914
842283056
926431025
171062328
825767728
889860660
943075380
842140210
876163381
909455882
842283315
959984691
171062329
875640114
889860661
808531508
842402354
892351288
858992650
842346553
858862647
171062577
825242677
822751797
842085689
858786354
892482864
842151178
842347313
825833017
171062579
875574070
940192309
859191600
859048498
892613938
926103306
842347576
842217779
171062581
808662065
956969525
892351288
842336818
892679473
858929162
842348087
842347569
171062583
909193525
856306229
926365492
909445682
892875064
875705610
842348594
959985715
171062584
926037558
805974581
959788850
892734002
892941874
875706634
842348856
926168631
171062833
808923444
805974582
825307961
875825714
909194039
808924682
842412341
859387188
171062834
926364980
856306230
859058994
926157362
909325877
892941578
842412855
892679221
171062835
926494772
805974582
859322417
926419506
909389872
926364170
842413106
876034353
171062836
842348080
856306230
875772213
808651314
909455927
959854346
842413365
926298160
171062837
892811056
822751798
892744501
825231922
909521206
858927370
842413621
909652019
171062839
809054520
839529014
926036537
808913458
909652531
875573514
842414135
842150961
171062840
942814260
873083446
943208500
842074674
909654329
859190538
842414386
875575602
171062841
892417074
873083446
959920441
808520242
925904945
808465674
842477618
875967285
171063088
943077425
856306231
808990514
875891250
925970482
892482058
842477872
959592505
171063089
858927669
889860663
825440311
808520242
925971768
892743690
842477880
892940593
171063089
959656245
923415095
825833270
808847922
926036530
909258762
842478131
892548916
171063090
909259060
839529015
842543672
859048498
926101557
926037258
842478385
942814770
171063091
909259057
923415095
859189811
959646258
926103091
909390602
842478643
825242672
171063092
858993208
940192311
876098356
943000114
926233654
926167562
842478901
943208240
171063094
859191605
889860663
909520951
875956786
926299953
892678922
842479159
959722032
171063096
842543410
956969527
959723572
858917426
942682677
892417802
842543154
943012152
171063344
875640886
873083448
808728880
959449650
942683960
959655946
842543412
859191351
171063345
926299188
822751800
842018873
842598962
942813489
909717514
842543669
926168371
171063346
943077433
805974584
842608690
909642290
942878772
925906954
842543923
825700659
171063347
876163636
889860664
859124018
825625138
942880310
942814730
842543928
808465204
171063347
959919664
805974584
875639349
808978994
942944822
808531210
842544179
842543927
171063348
909390903
906637880
875968054
825297458
942946101
959656714
842544436
842346548
171063349
909391668
956969528
892810288
909576754
943011896
808531722
842544948
859386166
171063351
925906742
805974584
926366009
809044530
943143218
858992906
842545200
943273779
171063352
892614197
923415096
959460400
808716850
943272245
926232586
842545457
959656758
171063353
859320627
889860664
959853362
909380146
943273528
842478602
842545462
942946610
171063353
926431537
906637880
959920437
825690674
943274037
858797834
842608691
909654073
171063600
909128500
889860665
808924212
959973938
959526196
942880266
842608950
859257144
171063601
909654072
873083449
825702709
943196722
959591217
808597770
842609205
875640630
171063602
892746039
956969529
842413879
808978994
959656249
825702410
842609458
842543416
171063604
808858673
839529017
875770166
842467890
959723319
876097802
842609720
960050233
171063605
842608944
839529017
892549425
858786354
959789368
909653770
842610225
825832244
171063606
825700661
805974585
925972787
942672434
959919154
959657226
842610484
943010868
171063607
926496313
923415097
926429492
943196722
959983925
875705098
842610743
892612660
171063609
825503798
956969529
959789111
808716850
960050997
825570058
842610999
909324601
171063609
959722296
956969529
960050486
825494067
808464692
925905930
858796082
842544182
171126832
943272758
856306480
825505849
875760179
808531505
808859914
858796343
808465717
171126833
942749489
956969776
842608691
892406323
808597809
943010826
858797104
859387190
171126836
892613939
805974832
875967794
875563571
808792633
859256330
858797369
892809268
171126838
825701688
805974832
909390649
825559603
808859188
942880266
858797623
909588530
171126840
825700405
822752048
943076145
909249075
809055285
875968778
858861619
858929460
171127088
875967536
923415345
808857904
858786355
825307447
875639050
858862128
808661046
171127090
808990007
956969777
842084920
960039475
825374009
909325834
858862134
842477622
171127090
942682674
956969777
842543413
959646259
825438261
842280970
858862388
926430516
171127092
892678960
956969777
876099377
859310643
825569328
808859658
858862899
859059767
171127093
909521717
873083697
892876855
842598963
825635127
959721738
858863159
909587767
171127095
825768241
956969777
926298933
842205747
825702708
926299658
858863664
926365234
171127096
825504816
906638129
942881074
959908403
825767480
909129226
858863921
825242674
171127097
892746037
839529265
959920177
926485043
842019128
960051466
858927154
842216249
171127344
876032569
956969778
808794422
959449651
842020153
926168842
858927158
859256630
171127344
959722290
906638130
825505332
859376179
842085687
858796298
858927415
858927672
171127345
926496824
940192562
842019894
892602931
842150192
892942602
858927665
926365749
171127346
909258808
839529266
859124537
959515187
842216757
858994954
858928176
842478130
171127348
808794163
822752050
875705141
808716851
842282032
926038026
858928185
859059251
171127349
825702194
940192562
892680247
875956787
842348596
859190538
858928692
925905977
171127350
892744499
839529266
925907254
859376179
842477876
859059722
858928945
909520949
171127352
808793650
889860914
943206709
959973939
842608692
876097802
858929460
808923696
171127353
909587252
839529267
808530228
892865075
858797361
909325834
858992946
808794168
171127602
842020406
923415347
842545459
892734003
858993204
943011082
858993458
909588532
171127603
909456944
839529267
859255860
892471859
859059504
875705866
858993717
858992693
171127604
943140914
923415347
876163379
926419507
859124534
926037258
7645027
18119612
15147548
31533467
18048644
2792290
19512265
17933997
15922652
14114036
8694269
22044386
23850505
14232438
30403956
29975153
14396546
23214091
24131388
28257453
20708060
25957256
31911042
23342949
22873959
7142438
5701070
16967172
21499249
32656332
27660746
26823401
9916366
25369034
10557202
27185911
28743916
203396
20460678
20045594
7524146
21488070
22798294
31617941
32355339
7512719
15236964
32967342
1444798
5189525
30022846
15922652
16157925
17890050
20624591
4792607
11578256
9300807
20460678
10116701
16204363
23520578
8392423
441217
22974336
3098742
25962429
12149606
3910591
31305240
4458117
30290351
13304454
16517968
15150609
947868
14408522
13304454
33051636
26107140
23089010
25110451
29914069
11518646
20460678
848687
25369034
14621708
27431040
18131480
25016426
5509322
18569124
13261106
7580373
21131091
20624591
14189137
9512485
10264059
